hola <- 1234566
