x <- 1+4*5
y <- 2-4*7

x*y
