a <- 5 - 1
b <- 3 + 2
