d <- 9 + 9 + 9
e <- 2 + 2 + 2

d-e
